96 67 46 77 37 33 50 0 24 41
21 91 6 19 9 26 7 3 35 31
48 7 59 71 96 17 19 0 16 97
27 81 94 46 85 49 30 34 28 60
64 2 66 91 14 18 94 22 75 78
29 16 73 95 45 3 93 61 56 1
18 51 45 62 92 70 17 61 72 95
19 4 71 81 77 88 78 31 67 59
98 62 54 18 9 3 79 93 6 4
38 56 31 91 92 22 72 29 89 5
40 23 69 99 94 11 0 20 79 44
42 12 39 61 87 85 53 6 60 30
97 91 42 33 14 68 60 94 6 16
90 50 39 93 53 83 49 52 31 68
80 66 43 24 4 83 41 39 62 82
87 11 29 8 90 42 3 46 75 5
56 76 20 26 41 50 12 65 80 45
2 89 62 93 27 87 29 36 86 50
33 17 74 92 79 87 8 0 55 16
21 80 97 8 52 11 32 70 13 62
39 72 68 63 43 2 46 74 98 73
57 2 9 89 60 16 62 43 15 7
39 14 30 90 21 63 78 69 41 33
64 98 81 18 53 88 9 8 10 35
2 16 19 96 41 70 12 11 51 91
71 43 45 22 14 46 62 10 30 12
76 50 64 34 18 12 47 6 29 97
3 15 21 44 67 25 28 89 32 46
36 34 35 66 51 4 64 21 12 63
89 35 44 49 55 3 33 32 65 0
0 78 44 4 19 58 41 72 26 82
93 49 95 57 67 52 65 38 89 31
56 39 82 55 16 98 65 43 46 30
14 7 46 4 60 5 0 44 41 15
69 81 36 33 6 15 39 87 61 66
54 42 81 58 91 82 43 41 51 45
46 75 17 73 96 21 16 93 10 52
55 7 52 64 86 47 38 45 61 19
5 47 90 52 18 12 30 76 43 66
95 50 46 88 53 57 85 29 86 59
1 49 51 3 60 21 86 69 57 79
49 19 59 41 17 70 29 12 38 78
32 47 4 62 73 46 77 92 81 45
42 82 7 35 48 77 73 63 43 25
88 56 11 1 31 26 82 15 36 49
44 76 96 31 36 29 47 69 8 65
11 74 25 6 94 82 59 61 2 54
11 48 45 94 53 63 6 23 81 87
96 80 61 91 27 81 34 73 63 47
39 28 36 79 35 65 16 80 25 22
41 58 13 60 15 61 9 27 72 59
40 80 91 10 38 8 99 46 85 42
42 34 24 78 74 59 13 17 94 97
49 77 29 59 5 79 95 13 12 4
60 82 70 2 10 14 72 59 25 50
53 34 61 38 68 32 60 21 64 5
28 19 44 99 92 64 50 21 11 10
19 34 57 85 18 13 69 95 3 30
65 33 0 66 93 82 57 20 19 81
40 7 66 33 88 18 83 28 32 25
56 3 39 33 73 10 18 96 80 74
58 52 3 59 82 60 68 67 0 69
56 83 80 21 55 11 39 95 43 34
53 31 46 38 77 66 17 85 23 54
70 71 96 59 69 48 53 73 61 39
7 58 89 63 72 42 66 13 34 28
43 31 2 58 50 22 60 8 17 32
16 33 55 96 51 3 52 1 31 0
7 41 80 40 5 15 76 71 89 16
2 45 85 8 55 31 20 26 98 70
75 49 29 77 40 51 44 89 84 69
92 38 9 83 49 73 26 51 14 88
5 21 38 32 52 11 9 20 51 47
29 62 64 9 20 56 96 44 81 12
80 95 87 33 37 49 77 91 13 92
67 10 5 91 37 48 4 41 49 34
80 14 55 18 35 93 59 36 9 39
46 99 93 60 28 61 21 17 12 18
20 6 98 83 76 69 74 62 59 49
3 91 22 97 12 44 77 85 11 59
1 11 34 38 45 50 5 62 39 63
28 17 61 3 93 41 14 18 69 12
92 34 78 22 66 73 69 74 20 10
66 52 91 26 47 67 22 85 64 0
88 94 41 3 63 12 60 51 7 27
50 62 2 41 51 36 86 16 92 28
63 35 46 9 82 18 57 71 30 89
64 85 61 36 46 75 13 79 22 43
36 85 83 62 8 69 66 84 10 55
95 80 94 73 56 44 21 86 64 89
93 89 70 4 77 36 39 92 37 68
79 46 55 17 42 34 11 25 41 9
32 11 21 31 48 29 13 44 79 78
2 58 83 94 99 33 25 61 73 46
48 98 58 36 91 51 57 40 4 38
8 54 88 24 25 17 62 38 27 73
57 53 80 29 15 83 45 65 68 40
25 73 91 37 24 26 96 89 21 6
14 3 62 52 26 83 35 93 71 97
75 96 41 87 93 97 83 43 2 21
87 46 18 57 78 63 61 34 21 88
6 88 49 34 95 91 74 93 37 20
73 27 57 58 83 79 98 21 95 17
0 34 5 42 33 40 9 58 85 94
68 65 61 85 69 14 1 44 40 53
7 23 10 36 95 90 84 35 65 78
19 56 67 93 44 61 51 26 20 79
6 91 93 2 71 37 28 39 78 0
22 57 60 36 95 58 17 42 54 91
84 62 58 52 28 71 90 91 27 22
83 11 13 26 99 79 75 32 25 17
90 44 91 50 10 1 33 56 73 60
77 51 37 66 60 45 79 34 39 64
58 6 81 22 90 5 82 43 51 96
21 76 18 90 0 85 69 78 3 22
69 61 77 24 9 59 6 31 71 87
63 41 91 40 57 99 70 27 76 87
41 43 95 63 90 40 55 46 7 64
55 60 86 87 70 36 23 78 41 2
5 91 46 48 98 59 69 11 70 22
85 76 25 57 68 11 74 7 71 23
38 13 93 59 56 64 92 8 19 47
60 87 70 68 56 83 58 26 14 36
72 19 1 96 58 61 28 27 3 15
45 96 2 10 1 63 89 91 82 46
23 5 16 63 18 85 70 72 94 64
2 80 90 7 12 18 4 86 56 22
24 72 56 87 8 51 41 81 46 25
85 33 56 57 42 22 71 87 1 75
62 57 16 96 42 28 53 99 31 63
49 73 51 35 1 66 46 27 41 71
22 78 9 55 14 2 42 68 21 23
1 99 44 4 75 90 34 52 41 46
32 31 22 2 72 6 97 11 91 66
67 66 65 26 22 46 47 53 10 96
72 15 37 4 28 53 21 83 66 44
85 73 40 23 62 54 7 95 79 65
9 16 91 27 1 82 95 20 13 39
85 41 88 47 76 75 18 74 45 72
47 5 32 76 95 34 75 78 39 44
99 25 51 17 28 89 93 91 9 81
54 13 86 92 70 29 24 5 57 63
30 27 97 59 89 86 91 63 90 46
14 48 90 77 45 86 36 2 67 92
73 52 70 77 44 78 25 38 79 67
30 85 7 86 40 47 78 45 17 53
65 90 91 37 77 30 17 83 13 59
36 79 92 54 35 41 10 8 91 11
34 4 57 89 66 84 58 19 37 39
32 11 4 56 57 9 3 95 67 74
29 75 53 45 38 0 94 51 97 50
32 39 52 29 31 44 94 0 43 4
20 61 24 97 21 37 47 84 29 74
17 80 41 26 7 60 96 71 79 27
6 58 61 64 12 56 86 25 70 89
64 56 1 18 68 28 81 40 16 84
55 17 11 74 98 24 4 91 1 78
13 18 79 84 98 14 80 15 77 94
0 82 56 73 35 34 81 71 46 3
0 80 47 9 25 10 6 11 50 85
78 21 55 22 24 11 67 92 58 46
93 11 62 47 16 69 53 45 56 39
94 76 98 34 54 79 25 22 87 84
95 49 7 9 94 99 23 97 11 29
99 52 21 91 51 55 9 47 37 41
26 11 52 75 89 38 3 14 78 64
1 70 34 87 92 79 38 0 66 55
25 73 15 94 17 5 75 36 55 8
81 78 68 33 89 37 40 46 28 21
97 88 91 72 58 3 28 65 75 41
7 93 46 97 62 95 17 12 22 76
82 37 81 98 55 27 65 10 38 58
56 61 36 88 0 99 74 33 60 50
24 96 27 44 6 51 55 19 33 97
22 92 57 15 68 82 81 37 78 99
43 91 93 35 1 57 2 80 31 81
93 73 98 54 11 6 45 34 20 78
17 13 75 33 76 18 90 39 51 5
73 99 17 41 66 85 68 21 92 96
36 55 24 44 66 75 37 8 15 9
51 1 43 63 90 29 67 71 75 40
13 26 85 66 77 1 97 81 15 23
33 18 76 26 89 85 67 12 51 59
20 82 38 21 4 36 22 67 5 30
20 27 61 26 32 15 12 79 14 24
7 94 97 2 23 89 8 85 78 91
55 16 77 27 11 9 66 63 88 39
85 48 89 35 34 9 60 98 19 93
28 24 68 82 14 77 85 47 50 20
15 10 4 19 47 31 29 86 71 53
33 90 77 70 8 31 75 99 7 42
76 25 77 45 65 6 0 85 66 19
11 36 25 99 86 73 51 83 35 96
71 43 19 74 82 80 55 90 22 83
31 46 27 85 36 7 35 29 84 99
88 96 18 89 61 76 94 98 23 70
57 64 61 38 56 0 74 20 83 19
94 55 8 98 5 15 72 48 28 69
76 59 35 9 15 98 3 2 74 4
44 51 54 98 79 55 13 82 61 7
63 69 6 35 34 37 46 65 77 0
91 17 61 69 58 25 75 50 57 86
7 13 51 89 67 78 34 86 73 6
85 64 4 89 56 62 75 36 5 78
13 93 0 33 6 51 71 34 26 9
25 68 36 98 27 52 32 37 64 61
95 80 3 42 72 83 41 91 56 98
74 62 78 87 14 44 22 47 85 9
93 13 77 30 84 1 29 40 64 10
50 81 56 16 18 13 27 51 29 3
8 45 52 13 69 25 3 57 0 77
82 53 27 14 87 98 28 56 7 34
77 79 39 12 89 74 78 58 23 37
87 24 35 33 81 18 74 46 26 69
83 61 64 68 7 11 63 27 80 62
50 68 55 25 23 85 66 9 57 26
99 12 61 17 54 36 93 16 27 59
94 56 6 52 8 48 59 74 9 11
69 16 47 93 22 26 71 61 89 55
68 65 83 43 66 70 14 92 72 15
24 2 38 60 46 63 5 74 16 79
80 0 45 65 49 21 83 81 13 12
36 51 59 71 45 55 17 52 8 96
59 91 87 94 58 75 70 54 52 90
30 25 89 92 72 39 98 50 35 67
42 98 8 23 43 22 3 72 4 69
51 25 41 66 55 63 40 84 62 85
88 84 9 82 86 23 4 38 68 20
80 40 47 0 57 33 23 79 59 7
47 5 73 67 0 26 87 38 48 86
49 55 12 29 1 90 39 10 2 93
68 40 96 10 18 25 8 24 95 76
66 95 23 10 76 55 93 46 56 88
38 55 68 26 98 4 28 73 76 51
15 93 61 86 99 49 83 35 88 78
24 66 98 32 93 81 19 47 87 64
79 36 11 82 47 8 24 5 94 15
74 47 15 82 13 56 53 27 25 14
9 14 75 39 97 82 59 84 71 46
54 65 18 62 87 11 13 40 10 32
84 30 26 33 69 65 68 2 48 92
65 13 88 97 62 15 36 72 77 87
41 87 54 26 43 7 3 35 76 13
75 95 23 51 19 1 35 61 16 70
26 50 28 35 44 81 13 4 3 70
16 65 29 47 52 54 36 43 13 44
47 17 25 22 1 14 94 30 39 98
73 69 0 74 82 2 98 54 58 34
50 4 11 18 84 20 51 98 87 3
89 32 66 86 24 77 47 19 95 84
95 68 16 31 56 92 82 9 93 33
10 3 85 55 11 50 8 33 70 37
98 51 18 48 32 3 66 24 12 14
2 57 51 11 71 6 79 7 53 8
94 33 13 66 10 91 63 15 29 22
78 24 1 90 68 5 53 98 34 94
87 17 66 22 11 28 2 51 38 20
14 31 23 74 78 32 34 73 28 53
65 59 99 75 38 55 67 34 15 4
42 34 84 76 88 62 49 51 53 81
51 99 94 14 80 22 19 63 49 17
84 49 82 9 14 46 13 80 53 23
37 79 21 55 49 28 30 62 4 71
54 64 70 39 76 68 40 32 75 36
81 83 63 32 20 40 67 21 69 13
51 78 53 55 1 34 68 80 22 38
56 68 26 35 31 13 15 10 5 77
72 25 64 47 10 83 21 66 92 94
34 30 67 95 52 96 85 22 56 49
67 72 42 29 96 15 99 77 21 5
37 57 44 61 5 73 41 35 59 96
34 95 51 44 86 61 27 10 9 18
44 48 52 43 42 22 4 96 38 64
45 79 42 86 54 88 28 89 16 10
97 79 5 13 47 15 91 69 42 49
59 45 91 6 65 8 74 94 24 38
76 69 24 85 52 16 55 73 74 45
65 16 41 23 2 87 9 64 39 75
68 16 1 40 39 33 81 73 60 32
93 35 88 48 76 43 32 68 26 13
91 68 19 89 86 62 78 56 59 38
57 17 79 62 0 51 22 50 19 96
19 44 38 58 22 1 18 25 91 98
15 17 6 84 78 49 91 98 86 29
83 76 52 77 75 85 88 80 81 39
22 32 77 80 15 95 83 38 42 79
51 79 46 84 10 7 21 99 63 75
48 95 29 6 44 33 21 84 30 37
8 69 29 25 94 61 38 78 71 91
56 70 44 6 51 96 43 78 11 8
6 32 92 69 59 93 99 71 66 31
81 1 57 83 14 10 33 87 75 95
63 83 50 88 51 75 67 55 36 13
62 73 63 70 56 28 44 41 61 49
52 85 35 25 30 33 34 50 27 40
1 96 76 53 91 0 4 69 44 71
44 37 81 64 56 98 85 59 62 46
3 52 58 8 28 27 17 44 21 40
72 15 21 39 77 22 11 91 48 82
0 76 17 30 68 89 12 33 72 86
80 45 89 63 23 57 76 67 24 14
53 11 6 76 18 70 2 17 52 44
65 69 52 10 26 12 57 28 56 66
67 38 63 10 93 32 62 4 84 72
1 3 70 74 95 75 29 99 12 21
91 61 74 46 40 48 34 52 30 69
68 54 57 66 37 87 72 15 31 33
22 72 3 49 91 44 67 47 61 57
47 23 40 29 31 52 78 60 35 80
43 50 26 82 96 68 32 91 6 39
57 12 21 81 8 20 39 84 78 34
50 76 13 38 40 17 55 65 32 57
48 10 52 76 27 70 1 93 4 6
67 4 88 22 18 60 47 20 52 10
73 82 80 19 22 59 47 11 96 54
57 48 88 72 44 93 26 67 94 76
90 1 59 77 57 17 75 35 88 64
60 79 12 63 69 2 24 47 20 17
30 50 14 54 49 10 67 71 46 39
32 42 58 22 54 25 39 88 21 1
1 41 12 2 91 19 11 68 44 17
14 55 16 76 29 35 96 63 98 74
56 8 50 99 63 91 22 89 80 62
38 98 75 44 69 86 88 58 70 99
98 73 87 91 88 35 64 7 14 13
63 66 83 39 7 64 35 51 36 25
73 14 70 52 92 23 36 56 44 74
91 59 39 62 90 93 1 27 84 44
14 96 67 84 75 37 18 11 36 39
22 84 97 75 13 16 39 51 82 26
6 81 8 13 43 12 82 17 2 79
73 96 12 9 67 43 95 26 79 58
26 61 48 5 89 59 67 20 13 56
43 23 55 27 78 74 51 83 17 48
38 51 30 60 0 40 29 2 41 96
2 3 51 49 18 52 84 57 11 87
71 29 59 50 0 7 9 31 72 8
47 13 32 8 15 2 5 96 83 93
83 45 44 67 91 55 25 74 41 5
60 12 6 39 73 29 78 1 55 21
23 75 20 97 1 61 21 60 18 65
69 54 12 44 85 77 48 98 32 6
6 10 2 53 54 3 57 83 4 0
49 78 54 96 26 51 34 63 59 89
87 66 82 62 73 17 83 51 24 72
37 17 86 72 66 58 55 11 76 7
85 93 46 66 32 15 19 40 54 53
56 45 79 4 48 13 30 23 37 75
61 46 87 2 4 26 83 64 1 70
61 93 97 69 54 91 92 81 37 86
39 7 31 85 59 77 21 15 87 86
22 51 74 98 58 46 67 3 65 54
17 39 25 30 43 59 5 68 62 88
62 66 3 2 47 68 80 69 74 20
6 15 58 38 21 8 37 92 67 60
95 92 49 23 39 15 35 66 43 71
86 79 92 81 5 73 28 65 9 89
86 14 6 37 84 94 35 13 25 95
5 0 51 99 12 49 77 57 45 10
63 12 81 95 62 93 96 64 19 15
5 61 44 40 53 95 54 45 50 97
86 61 72 68 51 62 93 67 69 48
99 3 28 55 4 2 63 83 47 80
17 38 22 84 5 26 82 46 64 13
77 54 90 23 31 10 38 92 99 68
85 81 47 7 50 98 19 28 69 29
94 59 25 58 45 75 85 61 48 30
94 80 32 42 25 27 49 36 77 4
56 16 91 78 29 2 92 70 8 57
37 82 16 40 19 15 7 39 94 64
13 55 51 4 28 54 99 19 39 96
81 54 4 31 46 94 18 1 83 71
30 91 43 33 12 42 4 31 69 61
39 83 59 82 5 40 55 6 19 30
80 96 47 34 92 76 65 28 73 82
59 43 90 52 95 56 65 41 91 10
74 21 41 66 59 57 12 18 4 6
49 40 5 11 97 57 61 58 69 25
32 25 74 43 7 55 36 40 72 93
98 76 2 85 78 9 50 23 37 42
62 79 65 80 24 72 23 70 54 66
89 52 33 81 36 9 29 8 45 34
57 7 6 78 12 23 8 24 64 62
74 44 13 30 29 51 62 24 86 22
47 6 31 37 77 72 34 32 98 88
59 14 95 49 97 8 46 60 47 44
6 92 37 46 22 43 25 20 83 99
89 82 28 83 1 24 9 95 8 13
86 60 88 87 71 37 68 56 97 35
34 66 60 38 78 61 5 12 16 37
19 81 56 74 85 22 41 63 90 89
96 69 63 65 11 2 21 57 44 91
39 94 91 89 6 69 97 32 26 96
9 58 28 47 59 90 74 31 52 64
39 58 77 63 87 55 53 65 41 51
52 73 40 22 47 3 23 10 58 53
50 69 20 97 61 84 32 73 9 90
99 84 65 66 40 5 36 53 21 42
5 70 31 47 44 33 28 76 45 34
43 58 81 92 64 63 22 25 39 48
85 87 34 84 93 30 18 14 68 32
9 59 49 86 43 44 73 6 2 58
8 91 55 20 38 72 59 94 33 84
39 73 84 95 98 48 82 22 86 90
35 24 11 3 7 12 78 30 19 0
84 79 31 77 63 83 33 40 71 91
74 38 96 91 55 73 67 93 1 92
76 55 82 57 32 84 7 99 8 44
81 54 56 24 82 63 79 17 59 20
63 53 15 75 50 60 41 20 7 4
19 66 45 44 60 73 25 14 68 7
60 17 41 32 63 81 49 23 21 78
11 94 92 90 96 97 75 70 6 93
31 23 54 32 10 27 84 72 86 11
54 82 81 93 3 18 13 71 14 22
30 43 12 54 1 28 71 16 62 92
77 54 9 48 96 29 82 31 49 38
24 28 79 56 64 12 87 35 41 51
5 97 23 16 87 93 58 15 38 0
78 55 79 74 22 96 50 90 39 63
21 68 97 87 91 51 80 85 92 45
5 94 63 89 66 72 53 93 51 49
4 75 13 77 22 52 6 20 43 94
40 82 7 9 54 86 95 28 91 33
91 33 27 23 63 16 42 0 68 19
47 55 70 80 2 0 52 30 23 43
59 29 48 12 45 9 7 24 52 36
39 56 44 28 68 83 62 35 71 89
13 57 38 90 87 1 82 24 25 85
80 74 42 33 79 58 55 8 88 87
8 36 54 81 16 3 82 27 72 49
57 16 21 78 1 98 67 12 50 75
64 41 13 35 65 43 37 10 12 59
97 74 21 94 46 37 13 23 16 14
69 11 33 70 35 52 59 32 63 90
22 82 51 53 15 4 41 1 43 21
26 17 3 90 18 19 73 38 11 91
36 48 41 45 35 39 21 53 61 94
38 20 35 54 26 14 65 3 98 67
83 55 21 49 0 11 29 94 99 86
94 61 0 49 55 17 10 25 71 23
64 59 81 7 71 44 83 85 66 77
69 13 44 58 62 79 88 3 22 10
24 31 22 0 16 85 84 26 51 67
48 12 41 10 16 27 35 97 51 8
56 91 25 70 22 84 37 62 6 48
16 9 41 99 39 14 26 91 32 70
24 75 66 79 34 82 61 20 86 88
94 3 61 27 45 79 84 48 36 55
81 97 20 28 52 47 85 73 41 13
44 60 17 91 28 4 52 34 3 19
99 68 18 13 95 5 81 63 58 17
91 70 76 52 63 46 24 98 15 37
87 66 71 90 84 1 74 44 19 40
68 32 12 45 14 66 73 82 60 27
49 40 91 10 32 65 17 48 79 0
77 32 64 29 81 3 91 47 82 19
37 48 35 70 18 7 64 76 83 29
51 21 42 97 4 24 55 36 60 27
39 62 64 0 12 67 76 24 70 66
35 57 98 45 59 9 89 63 78 31
17 26 81 63 78 66 36 7 21 57
81 20 55 52 14 1 26 15 77 2
59 34 58 31 75 86 50 72 35 88
79 37 67 23 1 42 95 15 29 44
40 61 84 51 31 56 73 48 66 78
16 15 39 5 52 40 10 76 93 57
25 85 90 68 53 73 98 97 18 58
91 29 78 74 9 49 35 4 82 36
91 47 16 1 61 17 31 82 49 40
0 39 54 41 72 60 45 34 6 15
12 8 27 77 15 82 80 19 61 51
32 1 82 35 57 40 17 21 7 81
20 5 81 28 86 21 40 51 63 4
72 84 90 66 55 57 54 70 88 53
31 80 21 61 19 48 90 29 8 38
22 6 84 14 33 99 53 3 87 81
80 96 51 23 0 19 36 32 12 29
88 86 90 66 11 99 50 7 67 6
21 3 7 87 44 20 60 75 55 43
26 16 62 46 32 60 13 43 98 65
5 19 16 40 6 90 85 63 56 22
15 96 84 59 32 28 92 86 72 46
2 40 42 32 44 46 81 27 88 29
45 75 14 50 32 15 21 36 1 12
78 27 13 42 55 88 39 38 86 9
7 86 29 40 50 36 9 91 21 0
57 16 22 21 17 34 75 62 50 32
21 15 45 94 71 32 74 55 13 39
39 20 90 38 56 47 42 96 24 76
11 70 65 60 30 88 59 20 41 95
23 46 49 19 77 24 58 71 38 69
3 72 97 79 16 51 9 1 65 43
63 48 61 7 29 51 60 26 37 1
8 42 25 60 79 4 15 7 13 53
88 28 2 54 33 37 36 9 76 72
14 24 3 48 66 96 51 64 17 56
76 96 91 85 87 54 69 95 78 99
0 62 64 21 16 25 65 97 6 90
11 31 4 76 7 15 13 71 94 22
77 31 55 22 69 89 73 14 76 44
38 31 92 27 86 78 52 17 63 35
51 48 61 47 31 38 3 66 7 15
67 59 33 13 19 74 65 73 68 55
67 84 21 78 55 49 5 88 82 16
0 17 83 30 33 52 98 3 76 84
13 80 17 31 77 59 70 55 82 91
87 0 59 72 18 85 21 61 29 45
15 77 64 51 19 16 31 27 71 67
99 2 52 28 59 43 24 89 27 62
56 96 91 46 10 5 48 37 59 45
78 74 20 68 43 35 7 48 59 26
88 59 7 93 1 95 35 18 39 40
94 2 9 87 71 61 74 99 24 40
79 99 78 23 73 35 95 57 39 37
81 58 89 13 3 70 62 16 5 93
83 87 35 26 44 88 72 2 52 79
50 13 67 73 66 59 31 83 52 9
27 52 76 83 36 66 43 94 32 46
15 97 84 63 1 24 88 27 41 67
44 20 29 96 41 80 93 52 48 99
68 23 8 72 66 6 76 25 35 52
63 50 47 39 90 7 82 34 41 26
29 46 47 82 83 30 4 11 52 88
87 58 51 93 16 5 50 39 25 78
66 80 31 95 27 16 11 0 71 12
6 11 79 14 52 86 90 12 18 69
19 18 86 97 62 4 0 47 32 85
14 80 24 60 62 45 92 27 5 70
67 2 81 12 45 7 59 64 87 77
18 15 1 42 54 0 67 28 80 97
18 33 84 98 5 95 85 59 50 55
41 76 48 66 54 32 72 47 13 91
80 10 64 28 92 93 97 47 13 58
43 7 82 6 84 27 47 19 25 54
7 43 77 37 24 35 20 18 16 15
11 83 85 91 55 60 81 41 24 64
48 18 80 22 33 19 99 6 78 23
62 31 1 18 19 30 8 29 14 37
80 84 39 54 0 48 20 59 95 1
25 17 80 37 91 0 89 56 36 24
53 13 36 10 59 49 98 4 28 11
25 29 79 4 6 93 13 9 8 98
8 64 24 46 29 44 40 3 82 67
1 10 21 33 2 78 5 51 67 46
63 6 90 16 72 35 88 14 53 39
90 45 26 68 32 88 28 96 54 58
99 18 9 63 91 49 64 78 39 54
22 99 96 44 84 11 93 23 98 59
69 84 87 57 48 77 34 39 42 52
63 17 35 78 83 70 12 34 36 22
60 67 19 26 38 7 90 58 28 36
94 19 20 3 41 28 54 18 8 97
95 91 90 96 94 26 63 78 32 13
72 20 39 97 68 84 0 41 99 80
20 52 85 53 81 55 62 76 96 93
10 52 64 47 6 5 68 70 60 53
29 22 31 43 13 27 61 21 71 41
46 82 56 85 75 10 96 60 90 49
29 54 28 25 41 17 49 10 8 61
23 16 87 36 12 91 31 3 90 5
39 81 54 96 59 76 42 12 43 45
52 51 25 76 90 94 36 1 85 62
23 69 90 53 39 51 0 72 75 16
36 93 3 69 77 70 81 33 55 75
72 66 78 27 69 21 64 84 2 54
56 43 41 20 16 57 36 94 15 14
13 67 12 16 60 45 76 23 81 66
86 24 63 91 95 7 22 20 19 73
23 46 60 9 54 88 3 16 4 35
16 19 77 99 0 94 69 1 64 72
32 37 68 56 73 75 51 94 98 78
17 29 69 9 7 2 90 53 3 19
40 51 43 15 8 48 32 4 75 85
62 0 99 58 90 32 66 49 40 38
72 33 76 68 35 70 21 43 19 57
1 26 57 71 8 96 89 85 5 61
25 41 37 98 0 69 38 39 63 95
17 60 44 69 0 81 12 65 97 6
15 92 41 70 25 24 79 38 50 63
14 71 57 45 74 62 18 12 31 4
42 65 77 16 80 49 40 20 46 92
91 21 67 11 29 7 88 16 70 71
93 33 4 20 15 21 83 74 38 62
76 80 29 47 41 33 45 91 24 81
90 83 50 65 6 27 10 32 46 37
11 25 67 57 52 35 64 60 6 65
72 86 35 59 18 68 22 42 43 47
43 29 88 55 4 25 34 96 19 85
57 5 47 99 34 76 30 72 74 79
76 29 75 24 46 64 10 57 16 36
37 69 81 93 99 80 70 57 5 54
88 48 21 97 22 45 35 2 85 37
47 98 94 83 50 41 44 77 60 67
30 22 76 82 93 7 86 6 21 70
93 77 41 86 98 13 45 7 23 1
77 2 73 35 57 62 70 50 12 82
78 26 66 21 29 71 98 14 4 40
20 77 42 82 49 30 98 46 14 25
19 86 43 71 2 87 56 39 40 75
96 45 9 71 21 0 4 79 32 31
38 98 18 71 80 82 92 17 59 41
48 87 69 62 33 49 44 92 56 29
53 13 38 0 99 50 84 89 90 61
68 82 60 53 63 20 55 13 89 1
19 99 83 6 78 37 35 43 3 70
88 6 91 22 35 65 58 51 62 13
0 65 17 69 73 32 59 64 63 20
27 67 68 84 62 94 42 8 28 53
47 0 27 91 50 26 63 84 4 22
84 76 41 86 53 74 82 98 94 30
56 33 43 63 55 73 37 78 99 5
59 37 48 55 6 75 33 18 81 0
72 25 92 76 58 54 99 56 52 11
19 24 87 55 12 77 31 38 5 83
19 31 66 71 88 28 12 42 85 9
82 35 8 10 84 59 69 26 80 17
34 99 57 21 96 59 60 66 82 22
75 85 86 62 34 95 53 88 27 31
95 8 68 34 23 92 22 27 93 32
89 83 59 66 62 25 41 37 87 11
9 67 80 90 82 85 63 33 58 3
25 54 85 92 88 94 65 4 66 84
68 43 84 55 3 83 13 45 98 78
8 18 72 24 46 93 80 63 74 50
97 71 31 34 76 90 40 45 50 7
46 7 16 77 20 4 51 97 37 58
14 81 75 58 53 50 36 11 12 84
18 35 71 54 8 59 39 67 50 10
23 51 32 63 79 59 27 76 44 77
65 70 9 22 89 51 99 71 46 24
41 44 17 43 45 16 95 27 53 29
69 54 7 42 65 3 36 80 23 58
99 31 51 52 46 44 76 78 28 13
90 54 58 17 57 69 75 22 16 14
87 76 89 39 8 16 95 4 49 46
4 69 70 43 48 49 15 42 52 41
5 45 82 65 2 81 3 85 23 64
67 85 64 2 18 57 93 86 54 21
99 33 43 37 64 91 45 5 50 3
58 1 6 70 25 21 57 80 56 18
54 26 91 45 29 57 93 51 21 78
68 45 16 71 98 79 75 33 43 97
24 92 48 12 96 68 33 88 1 38
45 31 94 83 97 37 47 40 89 92
37 24 33 94 81 44 36 79 40 56
45 58 94 71 65 15 4 18 93 60
16 97 71 1 99 52 27 7 18 15
0 37 10 45 63 20 85 6 73 15
17 87 32 95 90 5 18 78 1 63
46 20 87 50 79 24 90 57 18 71
84 46 94 48 34 17 63 26 79 30
43 91 29 58 55 20 96 78 71 35
84 6 30 8 38 53 99 44 58 19
62 47 68 66 59 23 55 44 3 43
67 69 73 79 76 49 98 10 75 31
72 47 45 4 38 42 99 85 61 15
71 36 86 98 67 30 2 29 28 53
17 31 82 74 81 76 67 87 90 69
83 63 49 71 84 3 30 48 34 23
43 50 84 85 86 54 79 67 36 37
38 72 24 91 46 28 23 6 25 66
93 23 34 38 1 65 42 91 94 36
94 83 58 6 33 17 54 12 48 50
98 43 79 31 18 41 47 19 89 48
89 35 75 28 7 50 37 5 76 85
92 48 23 54 22 78 74 11 51 30
12 73 87 22 76 51 7 69 67 80
42 80 91 53 89 63 1 14 50 78
86 21 11 12 29 75 3 57 65 74
16 50 57 98 47 52 84 38 70 58
24 60 83 71 87 41 32 99 81 89
41 50 89 44 98 34 9 78 1 72
92 99 74 71 4 21 83 12 94 14
31 28 33 56 4 14 38 36 21 93
45 9 81 20 12 97 10 55 96 23
35 64 48 61 4 18 34 68 42 71
74 69 81 31 21 6 32 11 35 2
97 4 27 92 62 50 89 51 3 46
39 44 25 48 54 85 45 36 26 37
75 6 48 62 51 97 96 11 80 38
57 9 86 79 26 51 41 28 48 80
64 73 26 19 27 10 20 97 82 57
68 39 14 27 57 76 23 17 25 35
31 84 17 96 43 66 46 16 83 99
81 25 73 53 61 45 86 91 54 66
94 38 60 54 49 75 46 77 93 88
26 93 14 68 61 48 88 16 42 17
93 62 51 68 3 33 98 41 91 53
0 38 46 50 14 91 70 98 40 99
84 41 77 92 30 36 14 73 93 42
3 71 57 90 31 0 14 91 44 96
67 11 92 51 90 9 45 83 30 50
85 15 73 3 87 75 65 89 84 36
51 9 39 94 65 12 7 35 44 55
50 39 64 84 75 96 29 40 97 74
11 61 62 70 19 71 98 47 63 82
19 53 44 80 79 66 24 23 72 45
50 57 31 19 91 11 18 45 65 34
19 71 81 59 39 67 5 21 37 12
86 94 64 54 18 81 66 57 34 22
0 82 1 28 89 46 36 37 77 91
69 66 99 27 38 63 95 46 15 13
87 22 46 18 79 89 55 4 27 63
76 7 61 15 83 85 72 59 97 28
99 42 54 52 69 81 28 59 7 21
98 10 77 29 1 3 94 49 41 43
15 83 23 57 49 47 33 59 62 67
63 38 9 80 78 56 19 47 91 76
57 9 83 65 88 43 14 67 84 33
24 56 65 92 87 10 68 25 72 28
41 71 12 6 13 38 34 98 80 35
28 59 62 68 8 63 23 20 78 84
76 2 29 48 65 52 70 94 74 7
82 22 79 97 81 61 5 28 92 14
69 8 89 16 34 5 27 64 18 54
43 41 67 26 11 63 15 27 40 94
94 59 25 58 45 75 85 61 48 30
94 80 32 42 25 27 49 36 77 4
56 16 91 78 29 2 92 70 8 57
37 82 16 40 19 15 7 39 94 64
13 55 51 4 28 54 99 19 39 96
81 54 4 31 46 94 18 1 83 71
30 91 43 33 12 42 4 31 69 61
39 83 59 82 5 40 55 6 19 30
80 96 47 34 92 76 65 28 73 82
59 43 90 52 95 56 65 41 91 10
74 21 41 66 59 57 12 18 4 6
49 40 5 11 97 57 61 58 69 25
32 25 74 43 7 55 36 40 72 93
98 76 2 85 78 9 50 23 37 42
62 79 65 80 24 72 23 70 54 66
89 52 33 81 36 9 29 8 45 34
57 7 6 78 12 23 8 24 64 62
74 44 13 30 29 51 62 24 86 22
47 6 31 37 77 72 34 32 98 88
59 14 95 49 97 8 46 60 47 44
6 92 37 46 22 43 25 20 83 99
89 82 28 83 1 24 9 95 8 13
86 60 88 87 71 37 68 56 97 35
34 66 60 38 78 61 5 12 16 37
19 81 56 74 85 22 41 63 90 89
96 69 63 65 11 2 21 57 44 91
39 94 91 89 6 69 97 32 26 96
9 58 28 47 59 90 74 31 52 64
39 58 77 63 87 55 53 65 41 51
52 73 40 22 47 3 23 10 58 53
50 69 20 97 61 84 32 73 9 90
99 84 65 66 40 5 36 53 21 42
5 70 31 47 44 33 28 76 45 34
43 58 81 92 64 63 22 25 39 48
85 87 34 84 93 30 18 14 68 32
9 59 49 86 43 44 73 6 2 58
8 91 55 20 38 72 59 94 33 84
39 73 84 95 98 48 82 22 86 90
35 24 11 3 7 12 78 30 19 0
84 79 31 77 63 83 33 40 71 91
74 38 96 91 55 73 67 93 1 92
76 55 82 57 32 84 7 99 8 44
81 54 56 24 82 63 79 17 59 20
63 53 15 75 50 60 41 20 7 4
19 66 45 44 60 73 25 14 68 7
60 17 41 32 63 81 49 23 21 78
11 94 92 90 96 97 75 70 6 93
31 23 54 32 10 27 84 72 86 11
54 82 81 93 3 18 13 71 14 22
30 43 12 54 1 28 71 16 62 92
77 54 9 48 96 29 82 31 49 38
24 28 79 56 64 12 87 35 41 51
5 97 23 16 87 93 58 15 38 0
78 55 79 74 22 96 50 90 39 63
21 68 97 87 91 51 80 85 92 45
5 94 63 89 66 72 53 93 51 49
4 75 13 77 22 52 6 20 43 94
40 82 7 9 54 86 95 28 91 33
91 33 27 23 63 16 42 0 68 19
47 55 70 80 2 0 52 30 23 43
59 29 48 12 45 9 7 24 52 36
39 56 44 28 68 83 62 35 71 89
13 57 38 90 87 1 82 24 25 85
80 74 42 33 79 58 55 8 88 87
8 36 54 81 16 3 82 27 72 49
57 16 21 78 1 98 67 12 50 75
64 41 13 35 65 43 37 10 12 59
97 74 21 94 46 37 13 23 16 14
69 11 33 70 35 52 59 32 63 90
22 82 51 53 15 4 41 1 43 21
26 17 3 90 18 19 73 38 11 91
36 48 41 45 35 39 21 53 61 94
38 20 35 54 26 14 65 3 98 67
83 55 21 49 0 11 29 94 99 86
94 61 0 49 55 17 10 25 71 23
64 59 81 7 71 44 83 85 66 77
69 13 44 58 62 79 88 3 22 10
24 31 22 0 16 85 84 26 51 67
48 12 41 10 16 27 35 97 51 8
56 91 25 70 22 84 37 62 6 48
16 9 41 99 39 14 26 91 32 70
24 75 66 79 34 82 61 20 86 88
94 3 61 27 45 79 84 48 36 55
81 97 20 28 52 47 85 73 41 13
44 60 17 91 28 4 52 34 3 19
99 68 18 13 95 5 81 63 58 17
91 70 76 52 63 46 24 98 15 37
87 66 71 90 84 1 74 44 19 40
68 32 12 45 14 66 73 82 60 27
49 40 91 10 32 65 17 48 79 0
77 32 64 29 81 3 91 47 82 19
37 48 35 70 18 7 64 76 83 29
51 21 42 97 4 24 55 36 60 27
39 62 64 0 12 67 76 24 70 66
35 57 98 45 59 9 89 63 78 31
17 26 81 63 78 66 36 7 21 57
81 20 55 52 14 1 26 15 77 2
59 34 58 31 75 86 50 72 35 88
79 37 67 23 1 42 95 15 29 44
40 61 84 51 31 56 73 48 66 78
16 15 39 5 52 40 10 76 93 57
25 85 90 68 53 73 98 97 18 58
91 29 78 74 9 49 35 4 82 36
91 47 16 1 61 17 31 82 49 40
0 39 54 41 72 60 45 34 6 15
12 8 27 77 15 82 80 19 61 51
32 1 82 35 57 40 17 21 7 81
20 5 81 28 86 21 40 51 63 4
72 84 90 66 55 57 54 70 88 53
31 80 21 61 19 48 90 29 8 38
22 6 84 14 33 99 53 3 87 81
80 96 51 23 0 19 36 32 12 29
88 86 90 66 11 99 50 7 67 6
21 3 7 87 44 20 60 75 55 43
26 16 62 46 32 60 13 43 98 65
5 19 16 40 6 90 85 63 56 22
15 96 84 59 32 28 92 86 72 46
2 40 42 32 44 46 81 27 88 29
45 75 14 50 32 15 21 36 1 12
78 27 13 42 55 88 39 38 86 9
7 86 29 40 50 36 9 91 21 0
57 16 22 21 17 34 75 62 50 32
21 15 45 94 71 32 74 55 13 39
39 20 90 38 56 47 42 96 24 76
11 70 65 60 30 88 59 20 41 95
23 46 49 19 77 24 58 71 38 69
3 72 97 79 16 51 9 1 65 43
63 48 61 7 29 51 60 26 37 1
8 42 25 60 79 4 15 7 13 53
88 28 2 54 33 37 36 9 76 72
14 24 3 48 66 96 51 64 17 56
76 96 91 85 87 54 69 95 78 99
0 62 64 21 16 25 65 97 6 90
11 31 4 76 7 15 13 71 94 22
77 31 55 22 69 89 73 14 76 44
38 31 92 27 86 78 52 17 63 35
51 48 61 47 31 38 3 66 7 15
67 59 33 13 19 74 65 73 68 55
67 84 21 78 55 49 5 88 82 16
0 17 83 30 33 52 98 3 76 84
13 80 17 31 77 59 70 55 82 91
87 0 59 72 18 85 21 61 29 45
15 77 64 51 19 16 31 27 71 67
99 2 52 28 59 43 24 89 27 62
56 96 91 46 10 5 48 37 59 45
78 74 20 68 43 35 7 48 59 26
88 59 7 93 1 95 35 18 39 40
94 2 9 87 71 61 74 99 24 40
79 99 78 23 73 35 95 57 39 37
81 58 89 13 3 70 62 16 5 93
83 87 35 26 44 88 72 2 52 79
50 13 67 73 66 59 31 83 52 9
27 52 76 83 36 66 43 94 32 46
15 97 84 63 1 24 88 27 41 67
44 20 29 96 41 80 93 52 48 99
68 23 8 72 66 6 76 25 35 52
63 50 47 39 90 7 82 34 41 26
29 46 47 82 83 30 4 11 52 88
87 58 51 93 16 5 50 39 25 78
66 80 31 95 27 16 11 0 71 12
6 11 79 14 52 86 90 12 18 69
19 18 86 97 62 4 0 47 32 85
14 80 24 60 62 45 92 27 5 70
67 2 81 12 45 7 59 64 87 77
18 15 1 42 54 0 67 28 80 97
18 33 84 98 5 95 85 59 50 55
41 76 48 66 54 32 72 47 13 91
80 10 64 28 92 93 97 47 13 58
43 7 82 6 84 27 47 19 25 54
7 43 77 37 24 35 20 18 16 15
11 83 85 91 55 60 81 41 24 64
48 18 80 22 33 19 99 6 78 23
62 31 1 18 19 30 8 29 14 37
80 84 39 54 0 48 20 59 95 1
25 17 80 37 91 0 89 56 36 24
53 13 36 10 59 49 98 4 28 11
25 29 79 4 6 93 13 9 8 98
8 64 24 46 29 44 40 3 82 67
1 10 21 33 2 78 5 51 67 46
63 6 90 16 72 35 88 14 53 39
90 45 26 68 32 88 28 96 54 58
99 18 9 63 91 49 64 78 39 54
22 99 96 44 84 11 93 23 98 59
69 84 87 57 48 77 34 39 42 52
63 17 35 78 83 70 12 34 36 22
60 67 19 26 38 7 90 58 28 36
94 19 20 3 41 28 54 18 8 97
95 91 90 96 94 26 63 78 32 13
72 20 39 97 68 84 0 41 99 80
20 52 85 53 81 55 62 76 96 93
10 52 64 47 6 5 68 70 60 53
29 22 31 43 13 27 61 21 71 41
46 82 56 85 75 10 96 60 90 49
29 54 28 25 41 17 49 10 8 61
23 16 87 36 12 91 31 3 90 5
39 81 54 96 59 76 42 12 43 45
52 51 25 76 90 94 36 1 85 62
23 69 90 53 39 51 0 72 75 16
36 93 3 69 77 70 81 33 55 75
72 66 78 27 69 21 64 84 2 54
56 43 41 20 16 57 36 94 15 14
13 67 12 16 60 45 76 23 81 66
86 24 63 91 95 7 22 20 19 73
23 46 60 9 54 88 3 16 4 35
16 19 77 99 0 94 69 1 64 72
32 37 68 56 73 75 51 94 98 78
17 29 69 9 7 2 90 53 3 19
40 51 43 15 8 48 32 4 75 85
62 0 99 58 90 32 66 49 40 38
72 33 76 68 35 70 21 43 19 57
1 26 57 71 8 96 89 85 5 61
25 41 37 98 0 69 38 39 63 95
17 60 44 69 0 81 12 65 97 6
15 92 41 70 25 24 79 38 50 63
14 71 57 45 74 62 18 12 31 4
42 65 77 16 80 49 40 20 46 92
91 21 67 11 29 7 88 16 70 71
93 33 4 20 15 21 83 74 38 62
76 80 29 47 41 33 45 91 24 81
90 83 50 65 6 27 10 32 46 37
11 25 67 57 52 35 64 60 6 65
72 86 35 59 18 68 22 42 43 47
43 29 88 55 4 25 34 96 19 85
57 5 47 99 34 76 30 72 74 79
76 29 75 24 46 64 10 57 16 36
37 69 81 93 99 80 70 57 5 54
88 48 21 97 22 45 35 2 85 37
47 98 94 83 50 41 44 77 60 67
30 22 76 82 93 7 86 6 21 70
93 77 41 86 98 13 45 7 23 1
77 2 73 35 57 62 70 50 12 82
78 26 66 21 29 71 98 14 4 40
20 77 42 82 49 30 98 46 14 25
19 86 43 71 2 87 56 39 40 75
96 45 9 71 21 0 4 79 32 31
38 98 18 71 80 82 92 17 59 41
48 87 69 62 33 49 44 92 56 29
53 13 38 0 99 50 84 89 90 61
68 82 60 53 63 20 55 13 89 1
19 99 83 6 78 37 35 43 3 70
88 6 91 22 35 65 58 51 62 13
0 65 17 69 73 32 59 64 63 20
27 67 68 84 62 94 42 8 28 53
47 0 27 91 50 26 63 84 4 22
84 76 41 86 53 74 82 98 94 30
56 33 43 63 55 73 37 78 99 5
59 37 48 55 6 75 33 18 81 0
72 25 92 76 58 54 99 56 52 11
19 24 87 55 12 77 31 38 5 83
19 31 66 71 88 28 12 42 85 9
82 35 8 10 84 59 69 26 80 17
34 99 57 21 96 59 60 66 82 22
75 85 86 62 34 95 53 88 27 31
95 8 68 34 23 92 22 27 93 32
89 83 59 66 62 25 41 37 87 11
9 67 80 90 82 85 63 33 58 3
25 54 85 92 88 94 65 4 66 84
68 43 84 55 3 83 13 45 98 78
8 18 72 24 46 93 80 63 74 50
97 71 31 34 76 90 40 45 50 7
46 7 16 77 20 4 51 97 37 58
14 81 75 58 53 50 36 11 12 84
18 35 71 54 8 59 39 67 50 10
23 51 32 63 79 59 27 76 44 77
65 70 9 22 89 51 99 71 46 24
41 44 17 43 45 16 95 27 53 29
69 54 7 42 65 3 36 80 23 58
99 31 51 52 46 44 76 78 28 13
90 54 58 17 57 69 75 22 16 14
87 76 89 39 8 16 95 4 49 46
4 69 70 43 48 49 15 42 52 41
5 45 82 65 2 81 3 85 23 64
67 85 64 2 18 57 93 86 54 21
99 33 43 37 64 91 45 5 50 3
58 1 6 70 25 21 57 80 56 18
54 26 91 45 29 57 93 51 21 78
68 45 16 71 98 79 75 33 43 97
24 92 48 12 96 68 33 88 1 38
45 31 94 83 97 37 47 40 89 92
37 24 33 94 81 44 36 79 40 56
45 58 94 71 65 15 4 18 93 60
16 97 71 1 99 52 27 7 18 15
0 37 10 45 63 20 85 6 73 15
17 87 32 95 90 5 18 78 1 63
46 20 87 50 79 24 90 57 18 71
84 46 94 48 34 17 63 26 79 30
43 91 29 58 55 20 96 78 71 35
84 6 30 8 38 53 99 44 58 19
62 47 68 66 59 23 55 44 3 43
67 69 73 79 76 49 98 10 75 31
72 47 45 4 38 42 99 85 61 15
71 36 86 98 67 30 2 29 28 53
17 31 82 74 81 76 67 87 90 69
83 63 49 71 84 3 30 48 34 23
43 50 84 85 86 54 79 67 36 37
38 72 24 91 46 28 23 6 25 66
93 23 34 38 1 65 42 91 94 36
94 83 58 6 33 17 54 12 48 50
98 43 79 31 18 41 47 19 89 48
89 35 75 28 7 50 37 5 76 85
92 48 23 54 22 78 74 11 51 30
12 73 87 22 76 51 7 69 67 80
42 80 91 53 89 63 1 14 50 78
86 21 11 12 29 75 3 57 65 74
16 50 57 98 47 52 84 38 70 58
24 60 83 71 87 41 32 99 81 89
41 50 89 44 98 34 9 78 1 72
92 99 74 71 4 21 83 12 94 14
31 28 33 56 4 14 38 36 21 93
45 9 81 20 12 97 10 55 96 23
35 64 48 61 4 18 34 68 42 71
74 69 81 31 21 6 32 11 35 2
97 4 27 92 62 50 89 51 3 46
39 44 25 48 54 85 45 36 26 37
75 6 48 62 51 97 96 11 80 38
57 9 86 79 26 51 41 28 48 80
64 73 26 19 27 10 20 97 82 57
68 39 14 27 57 76 23 17 25 35
31 84 17 96 43 66 46 16 83 99
81 25 73 53 61 45 86 91 54 66
94 38 60 54 49 75 46 77 93 88
26 93 14 68 61 48 88 16 42 17
93 62 51 68 3 33 98 41 91 53
0 38 46 50 14 91 70 98 40 99
84 41 77 92 30 36 14 73 93 42
3 71 57 90 31 0 14 91 44 96
67 11 92 51 90 9 45 83 30 50
85 15 73 3 87 75 65 89 84 36
51 9 39 94 65 12 7 35 44 55
50 39 64 84 75 96 29 40 97 74
11 61 62 70 19 71 98 47 63 82
19 53 44 80 79 66 24 23 72 45
50 57 31 19 91 11 18 45 65 34
19 71 81 59 39 67 5 21 37 12
86 94 64 54 18 81 66 57 34 22
0 82 1 28 89 46 36 37 77 91
69 66 99 27 38 63 95 46 15 13
87 22 46 18 79 89 55 4 27 63
76 7 61 15 83 85 72 59 97 28
99 42 54 52 69 81 28 59 7 21
98 10 77 29 1 3 94 49 41 43
15 83 23 57 49 47 33 59 62 67
63 38 9 80 78 56 19 47 91 76
57 9 83 65 88 43 14 67 84 33
24 56 65 92 87 10 68 25 72 28
41 71 12 6 13 38 34 98 80 35
28 59 62 68 8 63 23 20 78 84
76 2 29 48 65 52 70 94 74 7
82 22 79 97 81 61 5 28 92 14
69 8 89 16 34 5 27 64 18 54
43 41 67 26 11 63 15 27 40 94
48 84 68 54 72 22 59 44 58 53
53 70 5 75 65 90 68 86 69 32
50 37 0 20 78 60 22 73 53 70
41 75 52 99 98 12 79 81 59 84
42 49 15 4 39 93 69 51 83 89
78 89 12 47 52 64 94 23 57 75
66 49 1 28 69 68 74 46 13 40
87 80 13 65 49 97 58 78 39 76
47 3 38 92 15 94 81 83 61 27
29 30 21 38 22 43 58 57 75 98
41 4 32 19 53 65 70 42 84 91
59 31 7 89 87 30 97 32 56 77
11 36 30 83 88 53 50 35 89 74
75 93 88 83 12 58 1 91 0 65
85 77 59 5 76 93 4 7 35 56
50 21 59 86 38 66 34 84 29 64
62 10 36 19 89 75 79 30 81 51
36 79 80 35 37 98 31 20 2 13
96 68 77 76 42 62 82 50 83 57
46 40 32 97 12 0 21 6 37 70
99 80 20 63 92 78 11 36 18 28
38 44 55 28 79 17 8 58 52 70
80 47 45 31 50 79 26 68 95 83
61 70 11 77 3 40 87 47 67 25
55 5 6 57 54 89 20 22 44 3
37 60 4 81 0 73 90 72 11 31
10 0 57 21 5 9 66 15 58 40
94 76 89 20 67 68 18 17 45 60
50 63 17 18 82 38 66 0 11 73
75 29 55 1 40 61 17 64 44 60
64 41 43 18 80 30 20 8 12 39
46 43 64 68 2 87 93 35 34 89
98 41 25 52 56 21 34 24 53 75
61 20 78 65 58 36 49 57 6 1
96 15 29 77 40 22 26 45 46 91
45 80 20 37 62 57 84 76 13 43
97 41 43 6 77 91 35 16 1 64
67 98 0 17 2 3 78 24 52 82
55 99 98 16 11 89 0 21 83 42
21 99 22 67 24 55 33 43 4 85
21 45 26 48 90 72 70 15 4 18
69 39 67 43 3 82 83 5 47 21
64 95 62 76 86 22 71 10 4 82
83 98 37 82 56 33 87 71 57 0
53 99 70 92 57 55 27 1 10 74
22 30 94 34 70 38 73 6 52 77
97 96 92 10 41 44 84 8 74 25
92 72 3 34 15 79 55 22 88 71
23 52 62 18 33 96 1 76 49 12
93 26 3 50 39 59 61 24 36 5
29 16 18 45 68 19 43 12 85 52
10 99 15 71 34 87 98 46 78 52
57 36 47 83 96 50 24 70 16 82
74 2 81 86 15 92 18 56 52 4
93 66 7 52 24 74 94 98 14 37
17 46 53 22 23 14 92 47 72 69
5 84 60 87 75 68 38 67 44 69
97 16 34 7 58 74 31 65 54 63
78 8 2 64 10 85 91 30 63 20
93 46 24 78 44 20 89 65 71 56
66 0 72 63 19 35 90 53 46 99
1 63 6 38 51 10 53 57 8 99
85 10 29 52 49 36 55 64 40 7
77 87 84 45 48 27 75 20 93 89
7 82 94 15 0 83 28 72 85 88
84 79 74 13 7 5 99 90 36 22
85 69 10 65 60 48 15 7 75 58
96 99 26 0 22 28 91 3 71 36
1 37 29 60 25 26 3 12 40 51
80 5 92 3 98 99 96 87 21 18
99 9 28 94 73 10 11 97 7 80
83 36 87 85 66 62 61 31 4 17
60 79 59 82 52 2 56 89 46 22
49 41 5 48 34 89 65 72 79 10
87 40 69 37 86 82 23 31 13 18
21 81 27 0 6 82 62 64 7 91
16 20 91 46 83 82 47 89 36 78
53 85 6 89 46 84 58 56 70 67
82 62 64 45 78 48 10 11 60 2
99 40 92 81 14 1 26 56 46 89
31 60 18 63 4 55 71 3 26 51
4 9 81 83 16 31 43 13 48 70
76 20 81 73 90 52 94 53 17 70
40 83 88 29 5 21 46 60 32 66
10 49 13 46 73 38 96 84 90 52
26 75 76 87 64 20 65 73 53 35
8 15 63 88 62 26 87 81 61 1
2 74 46 5 16 65 78 19 75 37
98 13 44 64 85 4 42 68 34 63
25 90 51 36 56 22 0 41 83 89
72 85 77 81 39 3 55 82 21 13
28 56 65 61 45 54 87 8 89 97
10 94 80 32 84 68 92 33 57 87
3 8 44 46 23 40 49 22 9 13
17 18 33 25 81 15 59 75 90 88
59 80 30 36 82 9 98 95 61 67
80 42 76 35 3 95 27 84 77 90
74 6 58 81 67 20 60 5 32 4
12 10 98 89 54 60 16 19 29 35
92 22 17 86 14 81 93 61 9 41
44 75 86 2 68 24 11 10 53 21
94 85 98 1 90 35 33 76 36 3
29 75 22 56 97 37 0 41 98 79
4 71 70 65 50 39 87 83 13 8
34 38 9 77 56 94 23 75 52 11
8 14 33 26 28 88 46 74 58 92
65 78 12 92 54 26 3 0 89 82
15 62 7 75 6 91 55 24 52 1
62 96 58 60 1 26 50 21 72 56
30 86 91 71 34 8 81 84 65 3
12 61 21 18 49 50 57 71 36 11
50 71 36 52 34 87 14 19 17 91
60 9 17 71 78 80 62 87 37 33
78 23 99 43 9 57 75 31 52 68
63 93 2 73 31 64 56 1 24 66
47 53 18 56 59 49 14 12 86 25
66 47 78 70 58 1 14 89 28 56
92 96 32 6 11 79 2 86 66 94
19 43 14 15 2 26 40 87 88 9
41 4 96 59 86 38 46 72 62 99
82 12 72 47 64 77 43 73 36 79
82 43 56 86 79 0 37 60 87 84
96 23 31 24 17 60 34 45 84 71
33 98 27 75 87 64 53 34 42 88
0 97 22 82 10 48 1 52 25 74
68 75 47 44 15 36 89 11 65 27
35 91 4 13 59 93 7 67 81 20
64 85 65 1 6 30 20 7 24 33
75 82 1 40 46 59 19 85 80 93
42 85 26 64 17 35 29 65 78 1
36 86 83 51 25 23 68 52 92 35
31 44 78 16 24 66 91 5 98 40
18 94 19 74 6 57 51 76 96 47
33 16 71 73 84 75 19 57 47 39
35 57 9 10 85 71 94 76 16 1
83 23 75 49 41 16 43 8 17 50
87 78 26 20 72 59 42 92 81 54
66 13 33 97 34 3 36 28 57 92
13 31 64 77 22 11 4 93 48 67
53 16 61 83 41 13 22 92 5 82
3 35 39 83 45 67 40 72 98 86
8 27 69 93 94 49 4 81 25 38
68 74 47 16 17 7 28 36 98 3
50 72 16 91 54 45 30 96 0 26
2 36 59 44 53 82 93 68 34 8
45 86 44 10 27 18 66 24 40 74
29 53 96 0 50 46 26 92 33 24
30 52 79 13 69 94 8 40 90 84
0 33 44 70 32 71 61 16 28 3
30 11 6 40 25 4 32 44 3 78
52 38 30 33 1 91 65 10 31 85
55 21 37 0 96 73 49 20 11 88
54 12 11 15 93 76 32 9 51 47
47 73 33 21 24 26 97 19 66 27
97 30 84 81 78 43 79 58 2 0
72 29 3 31 98 74 35 82 77 17
11 12 19 5 51 75 87 62 24 99
0 85 41 46 71 61 86 89 14 45
86 77 12 75 48 13 78 65 58 33
48 10 52 23 1 66 44 75 49 26
77 26 35 40 6 48 99 53 42 7
28 58 88 30 19 36 24 10 72 42
71 23 54 59 47 0 88 45 49 37
28 26 83 97 91 85 99 82 81 62
27 11 6 89 13 43 49 38 40 14
49 9 43 25 59 78 1 32 91 71
55 93 73 48 9 20 67 26 92 86
46 64 76 55 54 77 7 39 33 85
70 54 84 39 72 89 18 38 4 21
96 7 15 39 20 28 23 52 25 80
87 15 22 13 43 10 86 80 17 68
50 37 69 89 24 79 12 3 83 82
16 53 11 9 89 51 91 66 68 39
65 22 82 64 36 34 55 74 37 27
48 16 35 87 6 33 71 51 44 55
50 71 84 62 36 86 2 33 27 64
60 47 71 55 12 58 74 39 6 48
13 68 69 82 44 47 18 74 80 50
99 41 40 79 71 38 21 39 10 52
26 49 98 12 25 88 64 28 24 52
48 10 72 45 15 84 69 51 39 38
59 78 97 33 71 46 5 41 44 72
23 61 6 91 85 77 26 44 73 18
93 78 40 59 43 37 1 61 38 87
74 38 23 19 6 70 76 26 51 11
26 93 19 80 36 96 99 72 9 37
83 27 68 89 56 66 94 47 91 10
61 11 31 75 56 73 62 38 77 90
62 18 72 67 73 55 84 59 34 19
23 52 49 10 33 63 77 92 88 81
57 42 97 83 64 40 5 9 39 80
47 31 90 58 74 91 9 81 1 37
13 4 18 45 69 51 86 12 14 58
95 81 29 82 96 51 74 20 68 37
48 96 46 93 70 63 41 64 11 52
0 65 77 36 63 89 66 61 79 52
81 23 11 64 90 30 21 25 75 44
67 53 13 28 55 33 50 2 61 1
95 27 42 0 22 79 78 54 47 98
0 38 69 28 40 1 67 34 63 45
92 99 21 64 74 24 91 80 33 14
19 1 39 56 77 5 62 82 10 63
72 85 61 10 95 54 9 87 37 43
75 42 86 97 32 0 6 55 54 65
30 16 7 35 41 89 88 47 72 27
7 59 55 70 75 89 79 61 41 22
94 52 59 80 95 27 2 55 77 21
57 21 59 28 52 94 49 93 74 78
27 86 28 4 49 81 33 80 3 48
88 38 89 64 21 90 83 12 68 49
97 29 34 96 12 61 7 99 98 23
20 85 76 1 39 30 6 11 67 38
18 12 55 63 40 15 45 62 32 67
29 38 8 34 39 21 23 54 35 55
66 63 37 23 17 72 77 59 20 2
64 88 76 35 11 86 79 52 43 30
64 14 47 68 39 79 19 98 48 93
61 81 1 74 94 99 9 0 10 27
12 86 4 13 71 23 70 55 3 39
50 76 94 29 58 53 24 31 19 27
71 6 22 18 25 49 45 30 75 20
75 3 56 38 51 15 7 68 2 18
42 44 81 97 89 30 54 4 85 21
14 90 76 15 84 43 71 81 29 33
85 79 91 26 9 76 53 65 16 42
85 50 81 57 5 86 54 89 84 99
87 62 24 0 39 3 82 90 30 69
62 42 98 81 75 56 1 49 99 83
11 14 65 53 1 59 76 25 96 36
66 85 89 7 46 27 36 67 50 58
1 43 61 80 60 44 77 90 51 10
92 69 22 84 93 31 24 90 63 38
19 51 66 26 69 11 52 3 96 98
14 18 64 20 54 97 99 78 83 23
62 41 94 40 67 14 66 98 15 54
42 37 69 18 23 51 87 20 74 61
89 94 81 27 57 5 23 26 68 54
51 33 40 44 14 83 79 94 31 9
93 59 65 99 79 51 20 75 2 9
66 39 62 28 47 10 83 61 95 57
55 13 50 68 97 29 72 36 73 1
52 5 45 83 76 32 72 86 71 98
69 85 58 95 90 12 33 89 4 6
88 51 42 96 70 43 48 35 49 33
75 92 1 40 86 35 45 65 13 56
12 89 37 7 38 79 45 13 66 53
80 99 19 54 18 87 10 52 0 47
32 44 48 47 21 66 23 40 15 78
7 17 57 43 39 90 33 79 48 22
36 76 75 32 9 47 79 53 85 34
83 69 49 36 66 48 23 50 61 98
36 60 78 5 38 29 4 41 51 73
9 59 17 12 98 96 66 87 48 51
61 65 54 59 1 82 33 21 63 56
31 34 68 18 78 65 64 10 54 67
74 40 95 29 63 27 65 71 43 94
36 71 66 34 81 5 13 14 22 55
55 58 53 18 44 70 64 48 21 79
94 57 89 39 96 50 25 91 2 40
33 25 71 13 70 98 39 51 52 64
35 87 76 64 96 31 95 54 11 63
77 24 28 86 63 70 0 73 76 1
1 86 83 93 46 4 29 38 82 50
46 77 37 26 78 66 48 70 25 95
77 65 41 70 83 46 6 33 72 11
75 37 52 26 48 43 4 85 95 36
95 62 91 1 72 87 57 60 93 39
5 38 66 23 49 81 59 80 35 61
43 34 31 24 47 56 29 93 97 76
80 15 60 52 82 26 64 38 5 28
8 1 40 73 84 80 27 64 92 60
55 71 23 78 96 42 99 91 4 16
82 42 61 93 33 66 89 98 70 76
71 85 31 8 73 29 39 56 37 64
74 1 48 78 27 17 99 29 55 50
40 93 48 22 83 41 66 28 5 14
51 12 73 37 86 38 74 52 56 42
23 98 63 76 27 50 58 83 47 93
9 97 90 14 28 13 52 5 25 80
25 8 2 97 31 92 34 38 37 26
7 21 96 4 89 10 66 72 31 63
95 79 99 63 50 91 2 20 46 33
41 52 67 15 14 70 6 45 86 42